-1.828169250488281250e+02
-1.816857775078445059e+02
-1.805546299668608867e+02
-1.794234824258772676e+02
-1.782923348848936485e+02
-1.771611873439100293e+02
-1.760300398029264102e+02
-1.748988922619427910e+02
-1.737677447209591719e+02
-1.726365971799755528e+02
-1.715054496389919336e+02
-1.703743020980083145e+02
-1.692431545570246954e+02
-1.681120070160410762e+02
-1.669808594750574571e+02
-1.658497119340738379e+02
-1.647185643930902188e+02
-1.635874168521065997e+02
-1.624562693111229805e+02
-1.613251217701393614e+02
-1.601939742291557423e+02
-1.590628266881721231e+02
-1.579316791471885040e+02
-1.568005316062048848e+02
-1.556693840652212657e+02
-1.545382365242376466e+02
-1.534070889832540274e+02
-1.522759414422704083e+02
-1.511447939012867892e+02
-1.500136463603031700e+02
-1.488824988193195509e+02
-1.477513512783359317e+02
-1.466202037373523126e+02
-1.454890561963686935e+02
-1.443579086553850743e+02
-1.432267611144014552e+02
-1.420956135734178361e+02
-1.409644660324342169e+02
-1.398333184914505978e+02
-1.387021709504669786e+02
-1.375710234094833595e+02
-1.364398758684997404e+02
-1.353087283275161212e+02
-1.341775807865325021e+02
-1.330464332455488830e+02
-1.319152857045652638e+02
-1.307841381635816447e+02
-1.296529906225980255e+02
-1.285218430816144064e+02
-1.273906955406307873e+02
-1.262595479996471681e+02
-1.251284004586635490e+02
-1.239972529176799299e+02
-1.228661053766963107e+02
-1.217349578357126916e+02
-1.206038102947290724e+02
-1.194726627537454533e+02
-1.183415152127618342e+02
-1.172103676717782150e+02
-1.160792201307945959e+02
-1.149480725898109768e+02
-1.138169250488273576e+02
-1.126857775078437385e+02
-1.115546299668601193e+02
-1.104234824258765002e+02
-1.092923348848928811e+02
-1.081611873439092619e+02
-1.070300398029256428e+02
-1.058988922619420237e+02
-1.047677447209584045e+02
-1.036365971799747854e+02
-1.025054496389911662e+02
-1.013743020980075471e+02
-1.002431545570239280e+02
-9.911200701604030883e+01
-9.798085947505668969e+01
-9.684971193407307055e+01
-9.571856439308945141e+01
-9.458741685210583228e+01
-9.345626931112221314e+01
-9.232512177013859400e+01
-9.119397422915497486e+01
-9.006282668817135573e+01
-8.893167914718773659e+01
-8.780053160620411745e+01
-8.666938406522049831e+01
-8.553823652423687918e+01
-8.440708898325326004e+01
-8.327594144226964090e+01
-8.214479390128602176e+01
-8.101364636030240263e+01
-7.988249881931878349e+01
-7.875135127833516435e+01
-7.762020373735154521e+01
-7.648905619636792608e+01
-7.535790865538430694e+01
-7.422676111440068780e+01
-7.309561357341706866e+01
-7.196446603243344953e+01
-7.083331849144983039e+01
-6.970217095046621125e+01
-6.857102340948259211e+01
-6.743987586849897298e+01
-6.630872832751535384e+01
-6.517758078653173470e+01
-6.404643324554811556e+01
-6.291528570456449643e+01
-6.178413816358087729e+01
-6.065299062259725815e+01
-5.952184308161363901e+01
-5.839069554063001988e+01
-5.725954799964640074e+01
-5.612840045866278160e+01
-5.499725291767916246e+01
-5.386610537669554333e+01
-5.273495783571192419e+01
-5.160381029472830505e+01
-5.047266275374468592e+01
-4.934151521276106678e+01
-4.821036767177744764e+01
-4.707922013079382850e+01
-4.594807258981020937e+01
-4.481692504882659023e+01
-4.368577750784297109e+01
-4.255462996685935195e+01
-4.142348242587573282e+01
-4.029233488489211368e+01
-3.916118734390849454e+01
-3.803003980292487540e+01
-3.689889226194125627e+01
-3.576774472095763713e+01
-3.463659717997401799e+01
-3.350544963899039885e+01
-3.237430209800677972e+01
-3.124315455702316058e+01
-3.011200701603954144e+01
-2.898085947505592230e+01
-2.784971193407230317e+01
-2.671856439308868403e+01
-2.558741685210506489e+01
-2.445626931112144575e+01
-2.332512177013782662e+01
-2.219397422915420748e+01
-2.106282668817058834e+01
-1.993167914718696920e+01
-1.880053160620335007e+01
-1.766938406521973093e+01
-1.653823652423611179e+01
-1.540708898325249265e+01
-1.427594144226887352e+01
-1.314479390128525438e+01
-1.201364636030163524e+01
-1.088249881931801610e+01
-9.751351278334396966e+00
-8.620203737350777828e+00
-7.489056196367158691e+00
-6.357908655383539553e+00
-5.226761114399920416e+00
-4.095613573416301278e+00
-2.964466032432682141e+00
-1.833318491449063004e+00
-7.021709504654438661e-01
4.289765905181752714e-01
1.560124131501794409e+00
2.691271672485413546e+00
3.822419213469032684e+00
4.953566754452651821e+00
6.084714295436270959e+00
7.215861836419890096e+00
8.347009377403509234e+00
9.478156918387128371e+00
1.060930445937074751e+01
1.174045200035436665e+01
1.287159954133798578e+01
1.400274708232160492e+01
1.513389462330522406e+01
1.626504216428884320e+01
1.739618970527246233e+01
1.852733724625608147e+01
1.965848478723970061e+01
2.078963232822331975e+01
2.192077986920693888e+01
2.305192741019055802e+01
2.418307495117417716e+01
2.531422249215779630e+01
2.644537003314141543e+01
2.757651757412503457e+01
2.870766511510865371e+01
2.983881265609227285e+01
3.096996019707589198e+01
3.210110773805951112e+01
3.323225527904313026e+01
3.436340282002674940e+01
3.549455036101036853e+01
3.662569790199398767e+01
3.775684544297760681e+01
3.888799298396122595e+01
4.001914052494484508e+01
4.115028806592846422e+01
4.228143560691208336e+01
4.341258314789570250e+01
4.454373068887932163e+01
4.567487822986294077e+01
4.680602577084655991e+01
4.793717331183017905e+01
4.906832085281379818e+01
5.019946839379741732e+01
5.133061593478103646e+01
5.246176347576465560e+01
5.359291101674827473e+01
5.472405855773189387e+01
5.585520609871551301e+01
5.698635363969913215e+01
5.811750118068275128e+01
5.924864872166637042e+01
6.037979626264998956e+01
6.151094380363360870e+01
6.264209134461722783e+01
6.377323888560084697e+01
6.490438642658446611e+01
6.603553396756808525e+01
6.716668150855170438e+01
6.829782904953532352e+01
6.942897659051894266e+01
7.056012413150256180e+01
7.169127167248618093e+01
7.282241921346980007e+01
7.395356675445339079e+01
7.508471429543703834e+01
7.621586183642068590e+01
7.734700937740427662e+01
7.847815691838786734e+01
7.960930445937151489e+01
8.074045200035516245e+01
8.187159954133875317e+01
8.300274708232234389e+01
8.413389462330599144e+01
8.526504216428963900e+01
8.639618970527322972e+01
8.752733724625682044e+01
8.865848478724046799e+01
8.978963232822411555e+01
9.092077986920770627e+01
9.205192741019129699e+01
9.318307495117494454e+01
9.431422249215859210e+01
9.544537003314218282e+01
9.657651757412577354e+01
9.770766511510942109e+01
9.883881265609306865e+01
9.996996019707665937e+01
1.011011077380602501e+02
1.022322552790438976e+02
1.033634028200275452e+02
1.044945503610111359e+02
1.056256979019947266e+02
1.067568454429783742e+02
1.078879929839620218e+02
1.090191405249456125e+02
1.101502880659292032e+02
1.112814356069128507e+02
1.124125831478964983e+02
1.135437306888800890e+02
1.146748782298636797e+02
1.158060257708473273e+02
1.169371733118309749e+02
1.180683208528145656e+02
1.191994683937981563e+02
1.203306159347818038e+02
1.214617634757654514e+02
1.225929110167490421e+02
1.237240585577326328e+02
1.248552060987162804e+02
1.259863536396999280e+02
1.271175011806835187e+02
1.282486487216671094e+02
1.293797962626507569e+02
1.305109438036344045e+02
1.316420913446179952e+02
1.327732388856015859e+02
1.339043864265852335e+02
1.350355339675688811e+02
1.361666815085524718e+02
1.372978290495360625e+02
1.384289765905197100e+02
1.395601241315033576e+02
1.406912716724869483e+02
1.418224192134705390e+02
1.429535667544541866e+02
1.440847142954378342e+02
1.452158618364214249e+02
1.463470093774050156e+02
1.474781569183886631e+02
1.486093044593723107e+02
1.497404520003559014e+02
1.508715995413394921e+02
1.520027470823231397e+02
1.531338946233067873e+02
1.542650421642903780e+02
1.553961897052739687e+02
1.565273372462576162e+02
1.576584847872412638e+02
1.587896323282248545e+02
1.599207798692084452e+02
1.610519274101920928e+02
1.621830749511757404e+02
1.633142224921593311e+02
1.644453700331429218e+02
1.655765175741265693e+02
1.667076651151102169e+02
1.678388126560938076e+02
1.689699601970773983e+02
1.701011077380610459e+02
1.712322552790446935e+02
1.723634028200282842e+02
1.734945503610118749e+02
1.746256979019955224e+02
1.757568454429791700e+02
1.768879929839627607e+02
1.780191405249463514e+02
1.791502880659299990e+02
1.802814356069136466e+02
1.814125831478972373e+02
1.825437306888808280e+02
1.836748782298644755e+02
1.848060257708481231e+02
1.859371733118317138e+02
1.870683208528153045e+02
1.881994683937989521e+02
1.893306159347825997e+02
1.904617634757661904e+02
1.915929110167497811e+02
1.927240585577334286e+02
