-1.839989471435546875e+02
-1.828677996025710684e+02
-1.817366520615874492e+02
-1.806055045206038301e+02
-1.794743569796202110e+02
-1.783432094386365918e+02
-1.772120618976529727e+02
-1.760809143566693535e+02
-1.749497668156857344e+02
-1.738186192747021153e+02
-1.726874717337184961e+02
-1.715563241927348770e+02
-1.704251766517512579e+02
-1.692940291107676387e+02
-1.681628815697840196e+02
-1.670317340288004004e+02
-1.659005864878167813e+02
-1.647694389468331622e+02
-1.636382914058495430e+02
-1.625071438648659239e+02
-1.613759963238823048e+02
-1.602448487828986856e+02
-1.591137012419150665e+02
-1.579825537009314473e+02
-1.568514061599478282e+02
-1.557202586189642091e+02
-1.545891110779805899e+02
-1.534579635369969708e+02
-1.523268159960133517e+02
-1.511956684550297325e+02
-1.500645209140461134e+02
-1.489333733730624942e+02
-1.478022258320788751e+02
-1.466710782910952560e+02
-1.455399307501116368e+02
-1.444087832091280177e+02
-1.432776356681443986e+02
-1.421464881271607794e+02
-1.410153405861771603e+02
-1.398841930451935411e+02
-1.387530455042099220e+02
-1.376218979632263029e+02
-1.364907504222426837e+02
-1.353596028812590646e+02
-1.342284553402754455e+02
-1.330973077992918263e+02
-1.319661602583082072e+02
-1.308350127173245880e+02
-1.297038651763409689e+02
-1.285727176353573498e+02
-1.274415700943737306e+02
-1.263104225533901115e+02
-1.251792750124064924e+02
-1.240481274714228732e+02
-1.229169799304392541e+02
-1.217858323894556349e+02
-1.206546848484720158e+02
-1.195235373074883967e+02
-1.183923897665047775e+02
-1.172612422255211584e+02
-1.161300946845375393e+02
-1.149989471435539201e+02
-1.138677996025703010e+02
-1.127366520615866818e+02
-1.116055045206030627e+02
-1.104743569796194436e+02
-1.093432094386358244e+02
-1.082120618976522053e+02
-1.070809143566685862e+02
-1.059497668156849670e+02
-1.048186192747013479e+02
-1.036874717337177287e+02
-1.025563241927341096e+02
-1.014251766517504905e+02
-1.002940291107668713e+02
-9.916288156978325219e+01
-9.803173402879963305e+01
-9.690058648781601391e+01
-9.576943894683239478e+01
-9.463829140584877564e+01
-9.350714386486515650e+01
-9.237599632388153736e+01
-9.124484878289791823e+01
-9.011370124191429909e+01
-8.898255370093067995e+01
-8.785140615994706081e+01
-8.672025861896344168e+01
-8.558911107797982254e+01
-8.445796353699620340e+01
-8.332681599601258426e+01
-8.219566845502896513e+01
-8.106452091404534599e+01
-7.993337337306172685e+01
-7.880222583207810771e+01
-7.767107829109448858e+01
-7.653993075011086944e+01
-7.540878320912725030e+01
-7.427763566814363116e+01
-7.314648812716001203e+01
-7.201534058617639289e+01
-7.088419304519277375e+01
-6.975304550420915461e+01
-6.862189796322553548e+01
-6.749075042224191634e+01
-6.635960288125829720e+01
-6.522845534027467806e+01
-6.409730779929105893e+01
-6.296616025830743979e+01
-6.183501271732382065e+01
-6.070386517634020151e+01
-5.957271763535658238e+01
-5.844157009437296324e+01
-5.731042255338934410e+01
-5.617927501240572496e+01
-5.504812747142210583e+01
-5.391697993043848669e+01
-5.278583238945486755e+01
-5.165468484847124842e+01
-5.052353730748762928e+01
-4.939238976650401014e+01
-4.826124222552039100e+01
-4.713009468453677187e+01
-4.599894714355315273e+01
-4.486779960256953359e+01
-4.373665206158591445e+01
-4.260550452060229532e+01
-4.147435697961867618e+01
-4.034320943863505704e+01
-3.921206189765143790e+01
-3.808091435666781877e+01
-3.694976681568419963e+01
-3.581861927470058049e+01
-3.468747173371696135e+01
-3.355632419273334222e+01
-3.242517665174972308e+01
-3.129402911076610394e+01
-3.016288156978248480e+01
-2.903173402879886567e+01
-2.790058648781524653e+01
-2.676943894683162739e+01
-2.563829140584800825e+01
-2.450714386486438912e+01
-2.337599632388076998e+01
-2.224484878289715084e+01
-2.111370124191353170e+01
-1.998255370092991257e+01
-1.885140615994629343e+01
-1.772025861896267429e+01
-1.658911107797905515e+01
-1.545796353699543602e+01
-1.432681599601181688e+01
-1.319566845502819774e+01
-1.206452091404457860e+01
-1.093337337306095947e+01
-9.802225832077340328e+00
-8.671078291093721191e+00
-7.539930750110102053e+00
-6.408783209126482916e+00
-5.277635668142863778e+00
-4.146488127159244641e+00
-3.015340586175625504e+00
-1.884193045192006366e+00
-7.530455042083872286e-01
3.781020367752319089e-01
1.509249577758851046e+00
2.640397118742470184e+00
3.771544659726089321e+00
4.902692200709708459e+00
6.033839741693327596e+00
7.164987282676946734e+00
8.296134823660565871e+00
9.427282364644185009e+00
1.055842990562780415e+01
1.168957744661142328e+01
1.282072498759504242e+01
1.395187252857866156e+01
1.508302006956228070e+01
1.621416761054589983e+01
1.734531515152951897e+01
1.847646269251313811e+01
1.960761023349675725e+01
2.073875777448037638e+01
2.186990531546399552e+01
2.300105285644761466e+01
2.413220039743123380e+01
2.526334793841485293e+01
2.639449547939847207e+01
2.752564302038209121e+01
2.865679056136571035e+01
2.978793810234932948e+01
3.091908564333294862e+01
3.205023318431656776e+01
3.318138072530018690e+01
3.431252826628380603e+01
3.544367580726742517e+01
3.657482334825104431e+01
3.770597088923466345e+01
3.883711843021828258e+01
3.996826597120190172e+01
4.109941351218552086e+01
4.223056105316914000e+01
4.336170859415275913e+01
4.449285613513637827e+01
4.562400367611999741e+01
4.675515121710361655e+01
4.788629875808723568e+01
4.901744629907085482e+01
5.014859384005447396e+01
5.127974138103809310e+01
5.241088892202171223e+01
5.354203646300533137e+01
5.467318400398895051e+01
5.580433154497256965e+01
5.693547908595618878e+01
5.806662662693980792e+01
5.919777416792342706e+01
6.032892170890704620e+01
6.146006924989066533e+01
6.259121679087428447e+01
6.372236433185790361e+01
6.485351187284152275e+01
6.598465941382514188e+01
6.711580695480876102e+01
6.824695449579238016e+01
6.937810203677599930e+01
7.050924957775961843e+01
7.164039711874323757e+01
7.277154465972682829e+01
7.390269220071047584e+01
7.503383974169412340e+01
7.616498728267771412e+01
7.729613482366130484e+01
7.842728236464495239e+01
7.955842990562859995e+01
8.068957744661219067e+01
8.182072498759578139e+01
8.295187252857942894e+01
8.408302006956307650e+01
8.521416761054666722e+01
8.634531515153025794e+01
8.747646269251390549e+01
8.860761023349755305e+01
8.973875777448114377e+01
9.086990531546473449e+01
9.200105285644838204e+01
9.313220039743202960e+01
9.426334793841562032e+01
9.539449547939921104e+01
9.652564302038285859e+01
9.765679056136650615e+01
9.878793810235009687e+01
9.991908564333368759e+01
1.010502331843173351e+02
1.021813807253009827e+02
1.033125282662845734e+02
1.044436758072681641e+02
1.055748233482518117e+02
1.067059708892354593e+02
1.078371184302190500e+02
1.089682659712026407e+02
1.100994135121862882e+02
1.112305610531699358e+02
1.123617085941535265e+02
1.134928561351371172e+02
1.146240036761207648e+02
1.157551512171044124e+02
1.168862987580880031e+02
1.180174462990715938e+02
1.191485938400552413e+02
1.202797413810388889e+02
1.214108889220224796e+02
1.225420364630060703e+02
1.236731840039897179e+02
1.248043315449733655e+02
1.259354790859569562e+02
1.270666266269405469e+02
1.281977741679241944e+02
1.293289217089078420e+02
1.304600692498914327e+02
1.315912167908750234e+02
1.327223643318586710e+02
1.338535118728423186e+02
1.349846594138259093e+02
1.361158069548095000e+02
1.372469544957931475e+02
1.383781020367767951e+02
1.395092495777603858e+02
1.406403971187439765e+02
1.417715446597276241e+02
1.429026922007112717e+02
1.440338397416948624e+02
1.451649872826784531e+02
1.462961348236621006e+02
1.474272823646457482e+02
1.485584299056293389e+02
1.496895774466129296e+02
1.508207249875965772e+02
1.519518725285802248e+02
1.530830200695638155e+02
1.542141676105474062e+02
1.553453151515310537e+02
1.564764626925147013e+02
1.576076102334982920e+02
1.587387577744818827e+02
1.598699053154655303e+02
1.610010528564491779e+02
1.621322003974327686e+02
1.632633479384163593e+02
1.643944954794000068e+02
1.655256430203836544e+02
1.666567905613672451e+02
1.677879381023508358e+02
1.689190856433344834e+02
1.700502331843181310e+02
1.711813807253017217e+02
1.723125282662853124e+02
1.734436758072689599e+02
1.745748233482526075e+02
1.757059708892361982e+02
1.768371184302197889e+02
1.779682659712034365e+02
1.790994135121870841e+02
1.802305610531706748e+02
1.813617085941542655e+02
1.824928561351379130e+02
1.836240036761215606e+02
1.847551512171051513e+02
1.858862987580887420e+02
1.870174462990723896e+02
1.881485938400560372e+02
1.892797413810396279e+02
1.904108889220232186e+02
1.915420364630068661e+02
1.926731840039905137e+02
1.938043315449741044e+02
