1.200000e+00 8.000000e-01 0.000000e+00 7.096851e+00 1.348729e-01 1.348729e-01 1.030788e+01 4.642917e-02 4.642917e-02 1.618191e+01 1.183016e-03 1.183016e-03 
1.190000e+00 8.100000e-01 0.000000e+00 6.646902e+00 1.440085e-01 1.440085e-01 9.777338e+00 4.895046e-02 4.895046e-02 1.554162e+01 1.111702e-03 1.111702e-03 
1.180000e+00 8.200000e-01 0.000000e+00 6.205809e+00 1.542501e-01 1.542501e-01 9.243733e+00 5.177810e-02 5.177810e-02 1.487516e+01 1.042502e-03 1.042502e-03 
1.170000e+00 8.300000e-01 0.000000e+00 5.772640e+00 1.658307e-01 1.658307e-01 8.708688e+00 5.496118e-02 5.496118e-02 1.418384e+01 9.752431e-04 9.752431e-04 
1.160000e+00 8.400000e-01 0.000000e+00 5.346825e+00 1.790437e-01 1.790437e-01 8.173604e+00 5.856114e-02 5.856114e-02 1.346909e+01 9.097556e-04 9.097556e-04 
1.150000e+00 8.500000e-01 0.000000e+00 4.928199e+00 1.942599e-01 1.942599e-01 7.639649e+00 6.265608e-02 6.265608e-02 1.273242e+01 8.458787e-04 8.458787e-04 
1.140000e+00 8.600000e-01 0.000000e+00 4.517016e+00 2.119531e-01 2.119531e-01 7.107769e+00 6.734665e-02 6.734665e-02 1.197535e+01 7.834608e-04 7.834608e-04 
1.130000e+00 8.700000e-01 0.000000e+00 4.113919e+00 2.327374e-01 2.327374e-01 6.578684e+00 7.276493e-02 7.276493e-02 1.119936e+01 7.223613e-04 7.223613e-04 
1.120000e+00 8.800000e-01 0.000000e+00 3.719887e+00 2.574243e-01 2.574243e-01 6.052916e+00 7.908746e-02 7.908746e-02 1.040592e+01 6.624511e-04 6.624511e-04 
1.110000e+00 8.900000e-01 0.000000e+00 3.336143e+00 2.871149e-01 2.871149e-01 5.530797e+00 8.655564e-02 8.655564e-02 9.596426e+00 6.036119e-04 6.036119e-04 
1.100000e+00 9.000000e-01 0.000000e+00 2.964047e+00 3.233576e-01 3.233576e-01 5.012501e+00 9.550816e-02 9.550816e-02 8.772213e+00 5.457351e-04 5.457351e-04 
1.090000e+00 9.100000e-01 0.000000e+00 2.604959e+00 3.684326e-01 3.684326e-01 4.498058e+00 1.064356e-01 1.064356e-01 7.934568e+00 4.887211e-04 4.887211e-04 
1.080000e+00 9.200000e-01 0.000000e+00 2.260095e+00 4.258978e-01 4.258978e-01 3.987379e+00 1.200773e-01 1.200773e-01 7.084742e+00 4.324767e-04 4.324767e-04 
1.070000e+00 9.300000e-01 0.000000e+00 1.930372e+00 5.017086e-01 5.017086e-01 3.480275e+00 1.376051e-01 1.376051e-01 6.223964e+00 3.769143e-04 3.769143e-04 
1.060000e+00 9.400000e-01 0.000000e+00 1.616248e+00 6.066869e-01 6.066869e-01 2.976468e+00 1.610097e-01 1.610097e-01 5.353469e+00 3.219496e-04 3.219496e-04 
1.050000e+00 9.500000e-01 0.000000e+00 1.317586e+00 7.625594e-01 7.625594e-01 2.475614e+00 1.940133e-01 1.940133e-01 4.474517e+00 2.675044e-04 2.675044e-04 
1.040000e+00 9.600000e-01 0.000000e+00 1.033539e+00 1.019029e+00 1.019029e+00 1.977307e+00 2.446185e-01 2.446185e-01 3.588405e+00 2.135262e-04 2.135262e-04 
1.030000e+00 9.700000e-01 0.000000e+00 7.624826e-01 1.513765e+00 1.513765e+00 1.481096e+00 3.339931e-01 3.339931e-01 2.696478e+00 1.601064e-04 1.601064e-04 
1.020000e+00 9.800000e-01 0.000000e+00 5.020190e-01 2.771905e+00 2.771905e+00 9.864898e-01 5.400470e-01 5.400470e-01 1.800133e+00 1.080432e-04 1.080432e-04 
1.010000e+00 9.900000e-01 0.000000e+00 2.490579e-01 8.757838e+00 8.757838e+00 4.929685e-01 1.425113e+00 1.425113e+00 9.008136e-01 6.064530e-05 6.064530e-05 
1.000000e+00 1.000000e+00 0.000000e+00 1.819111e-03 0.000000e+00 0.000000e+00 1.819111e-03 6.247073e+04 6.247073e+04 1.819111e-03 1.249415e+05 1.249415e+05 
9.900000e-01 1.010000e+00 0.000000e+00 2.490579e-01 8.757838e+00 8.757838e+00 4.929685e-01 1.425113e+00 1.425113e+00 9.008136e-01 6.064530e-05 6.064530e-05 
9.800000e-01 1.020000e+00 0.000000e+00 5.020190e-01 2.771905e+00 2.771905e+00 9.864898e-01 5.400470e-01 5.400470e-01 1.800133e+00 1.080432e-04 1.080432e-04 
9.700000e-01 1.030000e+00 0.000000e+00 7.624826e-01 1.513765e+00 1.513765e+00 1.481096e+00 3.339931e-01 3.339931e-01 2.696478e+00 1.601064e-04 1.601064e-04 
9.600000e-01 1.040000e+00 0.000000e+00 1.033539e+00 1.019029e+00 1.019029e+00 1.977307e+00 2.446185e-01 2.446185e-01 3.588405e+00 2.135262e-04 2.135262e-04 
9.500000e-01 1.050000e+00 0.000000e+00 1.317586e+00 7.625594e-01 7.625594e-01 2.475614e+00 1.940133e-01 1.940133e-01 4.474517e+00 2.675044e-04 2.675044e-04 
9.400000e-01 1.060000e+00 0.000000e+00 1.616248e+00 6.066869e-01 6.066869e-01 2.976468e+00 1.610097e-01 1.610097e-01 5.353469e+00 3.219496e-04 3.219496e-04 
9.300000e-01 1.070000e+00 0.000000e+00 1.930372e+00 5.017086e-01 5.017086e-01 3.480275e+00 1.376051e-01 1.376051e-01 6.223964e+00 3.769143e-04 3.769143e-04 
9.200000e-01 1.080000e+00 0.000000e+00 2.260095e+00 4.258978e-01 4.258978e-01 3.987379e+00 1.200773e-01 1.200773e-01 7.084742e+00 4.324767e-04 4.324767e-04 
9.100000e-01 1.090000e+00 0.000000e+00 2.604959e+00 3.684326e-01 3.684326e-01 4.498058e+00 1.064356e-01 1.064356e-01 7.934568e+00 4.887211e-04 4.887211e-04 
9.000000e-01 1.100000e+00 0.000000e+00 2.964047e+00 3.233576e-01 3.233576e-01 5.012501e+00 9.550816e-02 9.550816e-02 8.772213e+00 5.457351e-04 5.457351e-04 
8.900000e-01 1.110000e+00 0.000000e+00 3.336143e+00 2.871149e-01 2.871149e-01 5.530797e+00 8.655564e-02 8.655564e-02 9.596426e+00 6.036119e-04 6.036119e-04 
8.800000e-01 1.120000e+00 0.000000e+00 3.719887e+00 2.574243e-01 2.574243e-01 6.052916e+00 7.908746e-02 7.908746e-02 1.040592e+01 6.624511e-04 6.624511e-04 
8.700000e-01 1.130000e+00 0.000000e+00 4.113919e+00 2.327374e-01 2.327374e-01 6.578684e+00 7.276493e-02 7.276493e-02 1.119936e+01 7.223613e-04 7.223613e-04 
8.600000e-01 1.140000e+00 0.000000e+00 4.517016e+00 2.119531e-01 2.119531e-01 7.107769e+00 6.734665e-02 6.734665e-02 1.197535e+01 7.834608e-04 7.834608e-04 
8.500000e-01 1.150000e+00 0.000000e+00 4.928199e+00 1.942599e-01 1.942599e-01 7.639649e+00 6.265608e-02 6.265608e-02 1.273242e+01 8.458787e-04 8.458787e-04 
8.400000e-01 1.160000e+00 0.000000e+00 5.346825e+00 1.790437e-01 1.790437e-01 8.173604e+00 5.856114e-02 5.856114e-02 1.346909e+01 9.097556e-04 9.097556e-04 
8.300000e-01 1.170000e+00 0.000000e+00 5.772640e+00 1.658307e-01 1.658307e-01 8.708688e+00 5.496118e-02 5.496118e-02 1.418384e+01 9.752431e-04 9.752431e-04 
8.200000e-01 1.180000e+00 0.000000e+00 6.205809e+00 1.542501e-01 1.542501e-01 9.243733e+00 5.177810e-02 5.177810e-02 1.487516e+01 1.042502e-03 1.042502e-03 
8.100000e-01 1.190000e+00 0.000000e+00 6.646902e+00 1.440085e-01 1.440085e-01 9.777338e+00 4.895046e-02 4.895046e-02 1.554162e+01 1.111702e-03 1.111702e-03 
8.000000e-01 1.200000e+00 0.000000e+00 7.096851e+00 1.348729e-01 1.348729e-01 1.030788e+01 4.642917e-02 4.642917e-02 1.618191e+01 1.183016e-03 1.183016e-03 
