-4.618190574645996094e+01
-4.505075820547635601e+01
-4.391961066449275108e+01
-4.278846312350914616e+01
-4.165731558252554123e+01
-4.052616804154193630e+01
-3.939502050055833138e+01
-3.826387295957472645e+01
-3.713272541859112152e+01
-3.600157787760751660e+01
-3.487043033662391167e+01
-3.373928279564030674e+01
-3.260813525465670182e+01
-3.147698771367309689e+01
-3.034584017268949196e+01
-2.921469263170588704e+01
-2.808354509072228211e+01
-2.695239754973867718e+01
-2.582125000875507226e+01
-2.469010246777146733e+01
-2.355895492678786241e+01
-2.242780738580425748e+01
-2.129665984482065255e+01
-2.016551230383704763e+01
-1.903436476285344270e+01
-1.790321722186983777e+01
-1.677206968088623285e+01
-1.564092213990262792e+01
-1.450977459891902299e+01
-1.337862705793541807e+01
-1.224747951695181314e+01
-1.111633197596820821e+01
-9.985184434984603286e+00
-8.854036894000998359e+00
-7.722889353017393432e+00
-6.591741812033788506e+00
-5.460594271050183579e+00
-4.329446730066578652e+00
-3.198299189082973726e+00
-2.067151648099368799e+00
-9.360041071157638726e-01
1.951434338678410541e-01
1.326290974851445981e+00
2.457438515835050907e+00
3.588586056818655834e+00
4.719733597802260761e+00
5.850881138785865687e+00
6.982028679769470614e+00
8.113176220753075540e+00
9.244323761736680467e+00
1.037547130272028539e+01
1.150661884370389032e+01
1.263776638468749525e+01
1.376891392567110017e+01
1.490006146665470510e+01
1.603120900763831003e+01
1.716235654862191495e+01
1.829350408960551988e+01
1.942465163058912481e+01
2.055579917157272973e+01
2.168694671255633466e+01
2.281809425353993959e+01
2.394924179452354451e+01
2.508038933550714944e+01
2.621153687649075437e+01
2.734268441747435929e+01
2.847383195845796422e+01
2.960497949944156915e+01
3.073612704042517407e+01
3.186727458140877900e+01
3.299842212239238393e+01
3.412956966337598885e+01
3.526071720435959378e+01
3.639186474534319871e+01
3.752301228632680363e+01
3.865415982731040856e+01
3.978530736829401349e+01
4.091645490927761841e+01
4.204760245026122334e+01
4.317874999124482827e+01
4.430989753222843319e+01
4.544104507321203812e+01
4.657219261419564305e+01
4.770334015517924797e+01
4.883448769616285290e+01
4.996563523714645783e+01
5.109678277813006275e+01
5.222793031911366768e+01
5.335907786009727261e+01
5.449022540108087753e+01
5.562137294206448246e+01
