-1.231145782470703125e+02
-1.219834307060867076e+02
-1.208522831651031026e+02
-1.197211356241194977e+02
-1.185899880831358928e+02
-1.174588405421522879e+02
-1.163276930011686829e+02
-1.151965454601850780e+02
-1.140653979192014731e+02
-1.129342503782178682e+02
-1.118031028372342632e+02
-1.106719552962506583e+02
-1.095408077552670534e+02
-1.084096602142834485e+02
-1.072785126732998435e+02
-1.061473651323162386e+02
-1.050162175913326337e+02
-1.038850700503490287e+02
-1.027539225093654238e+02
-1.016227749683818189e+02
-1.004916274273982140e+02
-9.936047988641460904e+01
-9.822933234543100411e+01
-9.709818480444739919e+01
-9.596703726346379426e+01
-9.483588972248018933e+01
-9.370474218149658441e+01
-9.257359464051297948e+01
-9.144244709952937455e+01
-9.031129955854576963e+01
-8.918015201756216470e+01
-8.804900447657855977e+01
-8.691785693559495485e+01
-8.578670939461134992e+01
-8.465556185362774499e+01
-8.352441431264414007e+01
-8.239326677166053514e+01
-8.126211923067693021e+01
-8.013097168969332529e+01
-7.899982414870972036e+01
-7.786867660772611544e+01
-7.673752906674251051e+01
-7.560638152575890558e+01
-7.447523398477530066e+01
-7.334408644379169573e+01
-7.221293890280809080e+01
-7.108179136182448588e+01
-6.995064382084088095e+01
-6.881949627985727602e+01
-6.768834873887367110e+01
-6.655720119789006617e+01
-6.542605365690646124e+01
-6.429490611592285632e+01
-6.316375857493925139e+01
-6.203261103395564646e+01
-6.090146349297204154e+01
-5.977031595198843661e+01
-5.863916841100483168e+01
-5.750802087002122676e+01
-5.637687332903762183e+01
-5.524572578805401690e+01
-5.411457824707041198e+01
-5.298343070608680705e+01
-5.185228316510320212e+01
-5.072113562411959720e+01
-4.958998808313599227e+01
-4.845884054215238734e+01
-4.732769300116878242e+01
-4.619654546018517749e+01
-4.506539791920157256e+01
-4.393425037821796764e+01
-4.280310283723436271e+01
-4.167195529625075778e+01
-4.054080775526715286e+01
-3.940966021428354793e+01
-3.827851267329994300e+01
-3.714736513231633808e+01
-3.601621759133273315e+01
-3.488507005034912822e+01
-3.375392250936552330e+01
-3.262277496838191837e+01
-3.149162742739831344e+01
-3.036047988641470852e+01
-2.922933234543110359e+01
-2.809818480444749866e+01
-2.696703726346389374e+01
-2.583588972248028881e+01
-2.470474218149668388e+01
-2.357359464051307896e+01
-2.244244709952947403e+01
-2.131129955854586910e+01
-2.018015201756226418e+01
-1.904900447657865925e+01
-1.791785693559505432e+01
-1.678670939461144940e+01
-1.565556185362784447e+01
-1.452441431264423954e+01
-1.339326677166063462e+01
-1.226211923067702969e+01
-1.113097168969342476e+01
-9.999824148709819838e+00
-8.868676607726214911e+00
-7.737529066742609984e+00
-6.606381525759005058e+00
-5.475233984775400131e+00
-4.344086443791795205e+00
-3.212938902808190278e+00
-2.081791361824585351e+00
-9.506438208409804247e-01
1.805037201426245019e-01
1.311651261126229429e+00
2.442798802109834355e+00
3.573946343093439282e+00
4.705093884077044208e+00
5.836241425060649135e+00
6.967388966044268273e+00
8.098536507027858988e+00
9.229684048011449704e+00
1.036083158899506884e+01
1.149197912997868798e+01
1.262312667096227869e+01
1.375427421194586941e+01
1.488542175292948855e+01
1.601656929391310769e+01
1.714771683489669840e+01
1.827886437588028912e+01
1.941001191686390825e+01
2.054115945784752739e+01
2.167230699883111811e+01
2.280345453981470882e+01
2.393460208079832796e+01
2.506574962178194710e+01
2.619689716276553781e+01
2.732804470374912853e+01
2.845919224473274767e+01
2.959033978571636680e+01
3.072148732669995752e+01
3.185263486768354824e+01
3.298378240866716737e+01
3.411492994965078651e+01
3.524607749063437723e+01
3.637722503161796794e+01
3.750837257260158708e+01
3.863952011358520622e+01
3.977066765456879693e+01
4.090181519555238765e+01
4.203296273653600679e+01
4.316411027751962592e+01
4.429525781850321664e+01
4.542640535948680736e+01
4.655755290047042649e+01
4.768870044145404563e+01
4.881984798243763635e+01
4.995099552342122706e+01
5.108214306440484620e+01
5.221329060538846534e+01
5.334443814637205605e+01
5.447558568735564677e+01
5.560673322833926591e+01
5.673788076932288504e+01
5.786902831030647576e+01
5.900017585129006648e+01
6.013132339227368561e+01
6.126247093325730475e+01
6.239361847424089547e+01
6.352476601522448618e+01
6.465591355620810532e+01
6.578706109719172446e+01
6.691820863817531517e+01
6.804935617915890589e+01
6.918050372014252503e+01
7.031165126112614416e+01
7.144279880210973488e+01
7.257394634309332559e+01
7.370509388407694473e+01
7.483624142506056387e+01
7.596738896604415459e+01
7.709853650702774530e+01
7.822968404801136444e+01
7.936083158899498358e+01
8.049197912997857429e+01
8.162312667096216501e+01
8.275427421194578415e+01
8.388542175292940328e+01
8.501656929391299400e+01
8.614771683489658471e+01
8.727886437588020385e+01
8.841001191686382299e+01
8.954115945784741371e+01
9.067230699883100442e+01
9.180345453981462356e+01
9.293460208079824270e+01
9.406574962178183341e+01
9.519689716276542413e+01
9.632804470374904326e+01
9.745919224473266240e+01
9.859033978571625312e+01
9.972148732669984383e+01
1.008526348676834630e+02
1.019837824086670821e+02
1.031149299496506728e+02
1.042460774906342635e+02
1.053772250316178827e+02
1.065083725726015018e+02
1.076395201135850925e+02
1.087706676545686832e+02
1.099018151955523024e+02
1.110329627365359215e+02
1.121641102775195122e+02
1.132952578185031030e+02
1.144264053594867221e+02
1.155575529004703412e+02
1.166887004414539319e+02
1.178198479824375227e+02
1.189509955234211418e+02
1.200821430644047609e+02
1.212132906053883517e+02
1.223444381463719424e+02
1.234755856873555615e+02
1.246067332283391806e+02
1.257378807693227714e+02
1.268690283103063621e+02
1.280001758512899812e+02
1.291313233922736003e+02
1.302624709332571911e+02
1.313936184742407818e+02
1.325247660152244009e+02
