-5.403417396545410156e+01
-5.290302642447049664e+01
-5.177187888348689171e+01
-5.064073134250328678e+01
-4.950958380151968186e+01
-4.837843626053607693e+01
-4.724728871955247200e+01
-4.611614117856886708e+01
-4.498499363758526215e+01
-4.385384609660165722e+01
-4.272269855561805230e+01
-4.159155101463444737e+01
-4.046040347365084244e+01
-3.932925593266723752e+01
-3.819810839168363259e+01
-3.706696085070002766e+01
-3.593581330971642274e+01
-3.480466576873281781e+01
-3.367351822774921288e+01
-3.254237068676560796e+01
-3.141122314578200303e+01
-3.028007560479839810e+01
-2.914892806381479318e+01
-2.801778052283118825e+01
-2.688663298184758332e+01
-2.575548544086397840e+01
-2.462433789988037347e+01
-2.349319035889676854e+01
-2.236204281791316362e+01
-2.123089527692955869e+01
-2.009974773594595376e+01
-1.896860019496234884e+01
-1.783745265397874391e+01
-1.670630511299513898e+01
-1.557515757201153406e+01
-1.444401003102792913e+01
-1.331286249004432420e+01
-1.218171494906071928e+01
-1.105056740807711435e+01
-9.919419867093509424e+00
-8.788272326109904498e+00
-7.657124785126299571e+00
-6.525977244142694644e+00
-5.394829703159089718e+00
-4.263682162175484791e+00
-3.132534621191879864e+00
-2.001387080208274938e+00
-8.702395392246700112e-01
2.609080017589349154e-01
1.392055542742539842e+00
2.523203083726144769e+00
3.654350624709749695e+00
4.785498165693354622e+00
5.916645706676959549e+00
7.047793247660564475e+00
8.178940788644169402e+00
9.310088329627774328e+00
1.044123587061137926e+01
1.157238341159498418e+01
1.270353095257858911e+01
1.383467849356219403e+01
1.496582603454579896e+01
1.609697357552940389e+01
1.722812111651300881e+01
1.835926865749661374e+01
1.949041619848021867e+01
2.062156373946382359e+01
2.175271128044742852e+01
2.288385882143103345e+01
2.401500636241463837e+01
2.514615390339824330e+01
2.627730144438184823e+01
2.740844898536545315e+01
2.853959652634905808e+01
2.967074406733266301e+01
3.080189160831626793e+01
3.193303914929987286e+01
3.306418669028347779e+01
3.419533423126708271e+01
3.532648177225068764e+01
3.645762931323429257e+01
3.758877685421789749e+01
3.871992439520150242e+01
3.985107193618510735e+01
4.098221947716871227e+01
4.211336701815231720e+01
4.324451455913592213e+01
4.437566210011952705e+01
4.550680964110313198e+01
4.663795718208673691e+01
4.776910472307034183e+01
4.890025226405394676e+01
5.003139980503755169e+01
5.116254734602115661e+01
5.229369488700476154e+01
5.342484242798836647e+01
5.455598996897197139e+01
5.568713750995557632e+01
5.681828505093918125e+01
5.794943259192278617e+01
5.908058013290639110e+01
6.021172767388999603e+01
6.134287521487360095e+01
6.247402275585720588e+01
6.360517029684081081e+01
