-1.230346755981445312e+02
-1.219035280571609263e+02
-1.207723805161773214e+02
-1.196412329751937165e+02
-1.185100854342101115e+02
-1.173789378932265066e+02
-1.162477903522429017e+02
-1.151166428112592968e+02
-1.139854952702756918e+02
-1.128543477292920869e+02
-1.117232001883084820e+02
-1.105920526473248771e+02
-1.094609051063412721e+02
-1.083297575653576672e+02
-1.071986100243740623e+02
-1.060674624833904574e+02
-1.049363149424068524e+02
-1.038051674014232475e+02
-1.026740198604396426e+02
-1.015428723194560376e+02
-1.004117247784724327e+02
-9.928057723748882779e+01
-9.814942969650522286e+01
-9.701828215552161794e+01
-9.588713461453801301e+01
-9.475598707355440808e+01
-9.362483953257080316e+01
-9.249369199158719823e+01
-9.136254445060359330e+01
-9.023139690961998838e+01
-8.910024936863638345e+01
-8.796910182765277852e+01
-8.683795428666917360e+01
-8.570680674568556867e+01
-8.457565920470196374e+01
-8.344451166371835882e+01
-8.231336412273475389e+01
-8.118221658175114896e+01
-8.005106904076754404e+01
-7.891992149978393911e+01
-7.778877395880033419e+01
-7.665762641781672926e+01
-7.552647887683312433e+01
-7.439533133584951941e+01
-7.326418379486591448e+01
-7.213303625388230955e+01
-7.100188871289870463e+01
-6.987074117191509970e+01
-6.873959363093149477e+01
-6.760844608994788985e+01
-6.647729854896428492e+01
-6.534615100798067999e+01
-6.421500346699707507e+01
-6.308385592601347014e+01
-6.195270838502986521e+01
-6.082156084404626029e+01
-5.969041330306265536e+01
-5.855926576207905043e+01
-5.742811822109544551e+01
-5.629697068011184058e+01
-5.516582313912823565e+01
-5.403467559814463073e+01
-5.290352805716102580e+01
-5.177238051617742087e+01
-5.064123297519381595e+01
-4.951008543421021102e+01
-4.837893789322660609e+01
-4.724779035224300117e+01
-4.611664281125939624e+01
-4.498549527027579131e+01
-4.385434772929218639e+01
-4.272320018830858146e+01
-4.159205264732497653e+01
-4.046090510634137161e+01
-3.932975756535776668e+01
-3.819861002437416175e+01
-3.706746248339055683e+01
-3.593631494240695190e+01
-3.480516740142334697e+01
-3.367401986043974205e+01
-3.254287231945613712e+01
-3.141172477847253219e+01
-3.028057723748892727e+01
-2.914942969650532234e+01
-2.801828215552171741e+01
-2.688713461453811249e+01
-2.575598707355450756e+01
-2.462483953257090263e+01
-2.349369199158729771e+01
-2.236254445060369278e+01
-2.123139690962008785e+01
-2.010024936863648293e+01
-1.896910182765287800e+01
-1.783795428666927307e+01
-1.670680674568566815e+01
-1.557565920470206322e+01
-1.444451166371845829e+01
-1.331336412273485337e+01
-1.218221658175124844e+01
-1.105106904076764351e+01
-9.919921499784038588e+00
-8.788773958800433661e+00
-7.657626417816828734e+00
-6.526478876833223808e+00
-5.395331335849618881e+00
-4.264183794866013955e+00
-3.133036253882409028e+00
-2.001888712898804101e+00
-8.707411719151991747e-01
2.604063690684057519e-01
1.391553910052010679e+00
2.522701451035615605e+00
3.653848992019220532e+00
4.784996533002825458e+00
5.916144073986430385e+00
7.047291614970049523e+00
8.178439155953640238e+00
9.309586696937230954e+00
1.044073423792085009e+01
1.157188177890446923e+01
1.270302931988805994e+01
1.383417686087165066e+01
1.496532440185526980e+01
1.609647194283888894e+01
1.722761948382247965e+01
1.835876702480607037e+01
1.948991456578968950e+01
2.062106210677330864e+01
2.175220964775689936e+01
2.288335718874049007e+01
2.401450472972410921e+01
2.514565227070772835e+01
2.627679981169131906e+01
2.740794735267490978e+01
2.853909489365852892e+01
2.967024243464214805e+01
3.080138997562573877e+01
3.193253751660932949e+01
3.306368505759294862e+01
3.419483259857656776e+01
3.532598013956015848e+01
3.645712768054374919e+01
3.758827522152736833e+01
3.871942276251098747e+01
3.985057030349457818e+01
4.098171784447816890e+01
4.211286538546178804e+01
4.324401292644540717e+01
4.437516046742899789e+01
4.550630800841258861e+01
4.663745554939620774e+01
4.776860309037982688e+01
4.889975063136341760e+01
5.003089817234700831e+01
5.116204571333062745e+01
5.229319325431424659e+01
5.342434079529783730e+01
5.455548833628142802e+01
5.568663587726504716e+01
5.681778341824866629e+01
5.794893095923225701e+01
5.908007850021584773e+01
6.021122604119946686e+01
6.134237358218308600e+01
6.247352112316667672e+01
6.360466866415026743e+01
6.473581620513388657e+01
6.586696374611750571e+01
6.699811128710109642e+01
6.812925882808468714e+01
6.926040636906830628e+01
7.039155391005192541e+01
7.152270145103551613e+01
7.265384899201910684e+01
7.378499653300272598e+01
7.491614407398634512e+01
7.604729161496993584e+01
7.717843915595352655e+01
7.830958669693714569e+01
7.944073423792076483e+01
8.057188177890435554e+01
8.170302931988794626e+01
8.283417686087156540e+01
8.396532440185518453e+01
8.509647194283877525e+01
8.622761948382236596e+01
8.735876702480598510e+01
8.848991456578960424e+01
8.962106210677319496e+01
9.075220964775678567e+01
9.188335718874040481e+01
9.301450472972402395e+01
9.414565227070761466e+01
9.527679981169120538e+01
9.640794735267482451e+01
9.753909489365844365e+01
9.867024243464203437e+01
9.980138997562562508e+01
1.009325375166092442e+02
1.020636850575928634e+02
1.031948325985764541e+02
1.043259801395600448e+02
1.054571276805436639e+02
1.065882752215272831e+02
1.077194227625108738e+02
1.088505703034944645e+02
1.099817178444780836e+02
1.111128653854617028e+02
1.122440129264452935e+02
1.133751604674288842e+02
1.145063080084125033e+02
1.156374555493961225e+02
1.167686030903797132e+02
1.178997506313633039e+02
1.190308981723469230e+02
1.201620457133305422e+02
1.212931932543141329e+02
1.224243407952977236e+02
1.235554883362813428e+02
1.246866358772649619e+02
1.258177834182485526e+02
1.269489309592321433e+02
1.280800785002157625e+02
1.292112260411993816e+02
1.303423735821829723e+02
1.314735211231665630e+02
1.326046686641501822e+02
