-0.03015
0.01005
0.05025
0.09045
0.13065
0.17085
0.21105
0.25125
0.29145
0.33165
0.37185
0.41205
0.45225
0.49245
0.53265
0.57285
0.61305
0.65325
0.69345
0.73365
0.77385
0.81405
0.85425
0.89445
0.93465
0.97485
1.0151
1.0553
1.0955
1.1357
1.1759
1.2161
1.2563
1.2965
1.3367
1.3769
1.4171
1.4572
1.4974
1.5376
1.5778
1.618
1.6582
1.6984
1.7386
1.7788
1.819
1.8592
1.8994
1.9397
1.9799
2.0201
2.0603
2.1005
2.1407
2.1809
2.2211
2.2613
2.3015
2.3417
2.3819
2.422
2.4622
2.5024
2.5426
2.5828
2.623
2.6632
2.7034
2.7436
2.7838
2.824
2.8642
2.9044
2.9446
2.9848
3.025
3.0652
3.1054
3.1456
3.1858
3.226
3.2662
3.3064
3.3466
3.3869
3.4271
3.4673
3.5075
3.5477
3.5879
3.6281
3.6683
3.7085
3.7487
3.7889
3.8291
3.8693
3.9095
3.9497
3.9899
4.03
4.0703
4.1104
4.1507
4.1908
4.2311
4.2712
4.3115
4.3517
4.3918
4.4321
4.4722
4.5125
4.5526
4.5929
4.633
4.6733
4.7134
4.7537
4.7938
4.8341
4.8742
4.9145
4.9546
4.9949
5.035
5.0753
5.1154
5.1557
5.1958
5.2361
5.2762
5.3165
5.3566
5.3969
5.437
5.4773
5.5174
5.5577
5.5978
5.6381
5.6782
5.7185
5.7586
5.7989
5.839
5.8793
5.9194
5.9597
5.9998
6.0401
